0 1.5 5.0 1.0
1 3.5 5.0 1.0
2 3.5 7.0 1.0
3 1.5 7.0 1.0
-1 3000 0 0
0 3.5 5.0 1.0
1 3.5 7.0 1.0
2 1.5 7.0 1.0
3 1.5 5.0 1.0
-1 3000 0 0
0 3.5 7.0 1.0
1 1.5 7.0 1.0
2 1.5 5.0 1.0
3 3.5 5.0 1.0
-1 3000 0 0
0 1.5 7.0 1.0
1 1.5 5.0 1.0
2 3.5 5.0 1.0
3 3.5 7.0 1.0
-1 3000 0 0
0 1.5 5.0 1.0
1 3.5 5.0 1.0
2 3.5 7.0 1.0
3 1.5 7.0 1.0
-1 3000 0 0
0 3.5 5.0 1.0
1 3.5 7.0 1.0
2 1.5 7.0 1.0
3 1.5 5.0 1.0
-1 3000 0 0
0 3.5 7.0 1.0
1 1.5 7.0 1.0
2 1.5 5.0 1.0
3 3.5 5.0 1.0
-1 3000 0 0
0 1.5 7.0 1.0
1 1.5 5.0 1.0
2 3.5 5.0 1.0
3 3.5 7.0 1.0
-1 3000 0 0
0 1.5 5.0 1.0
1 3.5 5.0 1.0
2 3.5 7.0 1.0
3 1.5 7.0 1.0
-1 4000 0 0
0 1.5 5.0 0.15
1 3.5 5.0 0.15
2 3.5 7.0 0.15
3 1.5 7.0 0.15
-1 2000 0 0
0 1.5 5.0 0
1 3.5 5.0 0
2 3.5 7.0 0
3 1.5 7.0 0
